Wavelength	Absorbance
nm	 A
	ATK 61
	
3300	0.11183
3296	0.06745
3292	0.07296
3288	0.06319
3284	0.08009
3280	0.07962
3276	0.06826
3272	0.07642
3268	0.10335
3264	0.09607
3260	0.10113
3256	0.09695
3252	0.08243
3248	0.08482
3244	0.07781
3240	0.07974
3236	0.09766
3232	0.07713
3228	0.09472
3224	0.08626
3220	0.0882
3216	0.08911
3212	0.08668
3208	0.09612
3204	0.09344
3200	0.09643
3196	0.0931
3192	0.07885
3188	0.08303
3184	0.10191
3180	0.08591
3176	0.09459
3172	0.09947
3168	0.10328
3164	0.10259
3160	0.10701
3156	0.10054
3152	0.10007
3148	0.1067
3144	0.10611
3140	0.10101
3136	0.09316
3132	0.10261
3128	0.10352
3124	0.10374
3120	0.09831
3116	0.10663
3112	0.10822
3108	0.10759
3104	0.10773
3100	0.1013
3096	0.10373
3092	0.10578
3088	0.10882
3084	0.11213
3080	0.11084
3076	0.11087
3072	0.10976
3068	0.111
3064	0.11085
3060	0.11059
3056	0.11301
3052	0.11332
3048	0.11552
3044	0.11127
3040	0.1145
3036	0.11253
3032	0.114
3028	0.11166
3024	0.11403
3020	0.11496
3016	0.11343
3012	0.11456
3008	0.11419
3004	0.11523
3000	0.11472
2996	0.11667
2992	0.11567
2988	0.11564
2984	0.11672
2980	0.11713
2976	0.11719
2972	0.11745
2968	0.11833
2964	0.11812
2960	0.11842
2956	0.11785
2952	0.11781
2948	0.11824
2944	0.11788
2940	0.11732
2936	0.11784
2932	0.11971
2928	0.11891
2924	0.11841
2920	0.11846
2916	0.11819
2912	0.11878
2908	0.1184
2904	0.11862
2900	0.1189
2896	0.11859
2892	0.11873
2888	0.11872
2884	0.11912
2880	0.1197
2876	0.11913
2872	0.11902
2868	0.11932
2864	0.11921
2860	0.11923
2856	0.11866
2852	0.11849
2848	0.11844
2844	0.11829
2840	0.1184
2836	0.11837
2832	0.11798
2828	0.11808
2824	0.11804
2820	0.11853
2816	0.11836
2812	0.1186
2808	0.11804
2804	0.11787
2800	0.11768
2796	0.11771
2792	0.11804
2788	0.1189
2784	0.1186
2780	0.11815
2776	0.118
2772	0.11818
2768	0.11783
2764	0.11822
2760	0.11745
2756	0.11643
2752	0.11688
2748	0.11715
2744	0.11684
2740	0.11584
2736	0.11464
2732	0.11518
2728	0.11528
2724	0.11536
2720	0.11538
2716	0.11532
2712	0.11439
2708	0.11357
2704	0.11332
2700	0.11223
2696	0.11185
2692	0.11179
2688	0.11162
2684	0.112
2680	0.11218
2676	0.11193
2672	0.11197
2668	0.11003
2664	0.10736
2660	0.10631
2656	0.10559
2652	0.10527
2648	0.1055
2644	0.10572
2640	0.10663
2636	0.10727
2632	0.10739
2628	0.10735
2624	0.10611
2620	0.10576
2616	0.10595
2612	0.10579
2608	0.10557
2604	0.10508
2600	0.10482
2596	0.10378
2592	0.10224
2588	0.102
2584	0.10133
2580	0.10007
2576	0.09939
2572	0.0989
2568	0.09843
2564	0.09788
2560	0.09728
2556	0.09661
2552	0.09636
2548	0.09667
2544	0.09652
2540	0.09626
2536	0.09585
2532	0.09487
2528	0.09451
2524	0.09464
2520	0.09463
2516	0.09432
2512	0.09382
2508	0.09355
2504	0.09341
2500	0.09283
2496	0.0924
2492	0.09201
2488	0.09124
2484	0.09091
2480	0.09053
2476	0.08986
2472	0.08975
2468	0.08997
2464	0.08936
2460	0.08888
2456	0.08829
2452	0.08836
2448	0.08823
2444	0.08759
2440	0.08719
2436	0.0866
2432	0.08686
2428	0.08694
2424	0.08703
2420	0.08624
2416	0.08558
2412	0.08545
2408	0.08478
2404	0.08415
2400	0.08425
2396	0.08412
2392	0.0838
2388	0.08325
2384	0.0831
2380	0.08293
2376	0.08277
2372	0.08248
2368	0.08187
2364	0.08147
2360	0.08182
2356	0.0813
2352	0.08106
2348	0.08059
2344	0.08055
2340	0.08059
2336	0.08015
2332	0.08002
2328	0.0798
2324	0.07967
2320	0.07967
2316	0.07915
2312	0.07872
2308	0.07858
2304	0.07817
2300	0.07783
2296	0.07797
2292	0.07766
2288	0.07773
2284	0.07772
2280	0.07717
2276	0.07768
2272	0.07751
2268	0.07727
2264	0.07676
2260	0.07658
2256	0.07679
2252	0.07689
2248	0.07604
2244	0.07604
2240	0.07619
2236	0.07556
2232	0.0756
2228	0.07545
2224	0.07528
2220	0.07514
2216	0.07541
2212	0.07525
2208	0.07476
2204	0.07441
2200	0.07445
2196	0.07427
2192	0.07383
2188	0.07393
2184	0.07447
2180	0.07458
2176	0.07513
2172	0.07409
2168	0.0739
2164	0.07364
2160	0.0735
2156	0.07338
2152	0.07393
2148	0.07419
2144	0.07366
2140	0.07359
2136	0.07359
2132	0.07346
2128	0.07383
2124	0.07316
2120	0.0733
2116	0.07311
2112	0.07273
2108	0.07302
2104	0.07275
2100	0.07322
2096	0.07304
2092	0.07338
2088	0.07319
2084	0.07308
2080	0.07317
2076	0.0726
2072	0.07319
2068	0.0731
2064	0.07279
2060	0.07283
2056	0.07309
2052	0.07339
2048	0.07399
2044	0.074
2040	0.07346
2036	0.07351
2032	0.07382
2028	0.07314
2024	0.07335
2020	0.07376
2016	0.07387
2012	0.0735
2008	0.07383
2004	0.07423
2000	0.07457
1996	0.07478
1992	0.07437
1988	0.07442
1984	0.07496
1980	0.07546
1976	0.0751
1972	0.07496
1968	0.07515
1964	0.07515
1960	0.0751
1956	0.07604
1952	0.07572
1948	0.07548
1944	0.07678
1940	0.07717
1936	0.07676
1932	0.07713
1928	0.07706
1924	0.07702
1920	0.07766
1916	0.07716
1912	0.07718
1908	0.07788
1904	0.07834
1900	0.07843
1896	0.07864
1892	0.07901
1888	0.07934
1884	0.07981
1880	0.08016
1876	0.08055
1872	0.08194
1868	0.07982
1864	0.07947
1860	0.08006
1856	0.08119
1852	0.08171
1848	0.08344
1844	0.08196
1840	0.08304
1836	0.083
1832	0.08203
1828	0.08273
1824	0.08299
1820	0.08382
1816	0.08422
1812	0.08469
1808	0.08497
1804	0.08473
1800	0.08509
1796	0.08562
1792	0.08599
1788	0.08662
1784	0.08703
1780	0.0875
1776	0.08777
1772	0.08811
1768	0.08848
1764	0.08904
1760	0.08942
1756	0.08976
1752	0.09022
1748	0.09055
1744	0.0909
1740	0.09123
1736	0.09179
1732	0.09215
1728	0.09249
1724	0.09287
1720	0.09325
1716	0.09354
1712	0.09398
1708	0.09428
1704	0.09459
1700	0.09491
1696	0.09531
1692	0.09565
1688	0.09585
1684	0.09629
1680	0.09665
1676	0.0968
1672	0.09709
1668	0.09736
1664	0.09756
1660	0.09784
1656	0.09801
1652	0.09819
1648	0.09836
1644	0.09854
1640	0.09871
1636	0.09887
1632	0.09909
1628	0.09911
1624	0.0992
1620	0.09938
1616	0.09945
1612	0.09952
1608	0.09956
1604	0.09961
1600	0.0995
1596	0.09942
1592	0.09933
1588	0.09912
1584	0.09903
1580	0.09896
1576	0.09883
1572	0.09875
1568	0.09867
1564	0.09862
1560	0.09838
1556	0.0982
1552	0.09798
1548	0.09766
1544	0.09742
1540	0.09719
1536	0.09685
1532	0.09657
1528	0.09627
1524	0.09604
1520	0.09571
1516	0.09541
1512	0.09517
1508	0.09481
1504	0.09446
1500	0.09407
1496	0.09365
1492	0.09334
1488	0.09302
1484	0.09274
1480	0.09231
1476	0.09185
1472	0.09154
1468	0.09113
1464	0.09069
1460	0.09033
1456	0.09003
1452	0.08975
1448	0.08936
1444	0.08883
1440	0.08851
1436	0.08815
1432	0.08782
1428	0.08741
1424	0.08711
1420	0.08681
1416	0.08644
1412	0.08622
1408	0.08588
1404	0.08549
1400	0.08508
1396	0.08491
1392	0.08476
1388	0.08457
1384	0.08438
1380	0.08415
1376	0.08386
1372	0.08372
1368	0.08359
1364	0.08346
1360	0.08324
1356	0.08311
1352	0.08314
1348	0.08318
1344	0.0831
1340	0.08337
1336	0.08456
1332	0.08598
1328	0.08654
1324	0.08631
1320	0.08591
1316	0.08554
1312	0.08524
1308	0.0853
1304	0.08552
1300	0.0859
1296	0.0865
1292	0.08687
1288	0.08655
1284	0.08623
1280	0.08616
1276	0.08632
1272	0.08675
1268	0.08705
1264	0.08725
1260	0.08748
1256	0.08786
1252	0.08838
1248	0.08894
1244	0.08924
1240	0.08942
1236	0.08931
1232	0.08898
1228	0.08851
1224	0.08829
1220	0.0885
1216	0.089
1212	0.08978
1208	0.09075
1204	0.09157
1200	0.09225
1196	0.09241
1192	0.09222
1188	0.09211
1184	0.09221
1180	0.09245
1176	0.09274
1172	0.093
1168	0.0933
1164	0.09375
1160	0.09417
1156	0.09455
1152	0.0949
1148	0.09525
1144	0.09557
1140	0.09589
1136	0.09627
1132	0.09658
1128	0.09688
1124	0.09715
1120	0.09734
1116	0.09753
1112	0.09772
1108	0.09796
1104	0.09819
1100	0.09834
1096	0.09849
1092	0.09857
1088	0.0987
1084	0.09886
1080	0.09896
1076	0.09905
1072	0.09911
1068	0.09908
1064	0.09905
1060	0.09908
1056	0.09904
1052	0.09896
1048	0.09897
1044	0.09898
1040	0.09879
1036	0.09862
1032	0.09861
1028	0.09856
1024	0.09846
1020	0.09838
1016	0.09824
1012	0.09812
1008	0.09797
1004	0.09783
1000	0.09771
996	0.09754
992	0.09733
988	0.09722
984	0.0972
980	0.09713
976	0.09701
972	0.09693
968	0.09693
964	0.09687
960	0.09688
956	0.09686
952	0.09678
948	0.09679
944	0.0969
940	0.09694
936	0.09701
932	0.09719
928	0.09735
924	0.09748
920	0.09764
916	0.09781
912	0.09803
908	0.09815
904	0.09836
900	0.09864
896	0.09886
892	0.0991
888	0.09953
884	0.09992
880	0.10026
876	0.1006
872	0.10092
868	0.10131
864	0.10162
860	0.10252
856	0.10275
852	0.10311
848	0.10363
844	0.10401
840	0.10435
836	0.10487
832	0.10526
828	0.10538
824	0.10582
820	0.10628
816	0.10641
812	0.10714
808	0.10732
804	0.10773
800	0.10795
796	0.10821
792	0.10855
788	0.10877
784	0.10901
780	0.10922
776	0.10929
772	0.10968
768	0.10986
764	0.11004
760	0.11022
756	0.11062
752	0.11093
748	0.1113
744	0.11139
740	0.11164
736	0.11168
732	0.11194
728	0.1123
724	0.1124
720	0.11251
716	0.11286
712	0.1131
708	0.11342
704	0.11379
700	0.11409
696	0.11431
692	0.11458
688	0.11486
684	0.11495
680	0.11518
676	0.11543
672	0.11574
668	0.116
664	0.11612
660	0.11662
656	0.11697
652	0.11715
648	0.11756
644	0.11775
640	0.11813
636	0.11841
632	0.11873
628	0.11895
624	0.11938
620	0.11971
616	0.11998
612	0.12042
608	0.1208
604	0.12116
600	0.12162
596	0.12211
592	0.12249
588	0.123
584	0.12338
580	0.12389
576	0.12445
572	0.12491
568	0.12539
564	0.12603
560	0.12663
556	0.12735
552	0.12811
548	0.12846
544	0.12904
540	0.12965
536	0.13025
532	0.13095
528	0.13178
524	0.13273
520	0.1338
516	0.13468
512	0.1355
508	0.13642
504	0.13729
500	0.13857
496	0.13951
492	0.14059
488	0.14163
484	0.14249
480	0.14353
476	0.1446
472	0.14567
468	0.14702
464	0.14849
460	0.15003
456	0.15139
452	0.15266
448	0.1543
444	0.15602
440	0.15768
436	0.1592
432	0.16099
428	0.16284
424	0.16466
420	0.16675
416	0.1689
412	0.17111
408	0.17354
404	0.17595
400	0.17857
396	0.18118
392	0.18385
388	0.18691
384	0.19021
380	0.19343
376	0.19691
372	0.20062
368	0.20458
364	0.20869
360	0.21308
356	0.21761
352	0.22258
348	0.22776
344	0.23327
340	0.2392
336	0.24544
332	0.2523
328	0.2594
324	0.26688
320	0.27514
316	0.28398
312	0.29338
308	0.30317
304	0.31332
300	0.32466
296	0.33643
292	0.34828
288	0.36031
284	0.3718
280	0.38166
276	0.38863
272	0.39083
268	0.38691
264	0.37579
260	0.35809
256	0.33506
252	0.31052
248	0.28835
244	0.2676
240	0.24632
236	0.22834
232	0.22001
228	0.20955
224	0.20481
220	0.21388
216	0.2068
212	0.19302
208	0.17531
204	0.16502
200	0.1488